0 847.77
594 303.35
-1 0.00
-1 0.00
422 -56.38
291 1120.59
527 1725.40
-1 0.00
-1 0.00
-1 0.00
369 945.67
183 135.30
-1 0.00
68 951.35
403 260.22
-1 0.00
568 1533.93
-1 0.00
443 1682.29
22 1369.19
-1 0.00
399 1863.24
571 1584.13
-1 0.00
381 1519.56
63 1911.70
-1 0.00
106 129.25
-1 0.00
537 1185.05
-1 0.00
314 1178.57
-1 0.00
583 925.45
-1 0.00
435 1823.64
351 1630.87
-1 0.00
-1 0.00
-1 0.00
-1 0.00
-1 0.00
252 1847.54
133 870.60
-1 0.00
-1 0.00
413 282.26
-1 0.00
-1 0.00
196 725.70
-1 0.00
-1 0.00
202 1020.97
-1 0.00
493 1186.52
-1 0.00
81 1162.86
466 216.89
-1 0.00
41 1367.29
518 1300.97
82 826.75
128 965.67
-1 0.00
154 465.86
107 1566.83
225 435.28
333 408.29
420 502.70
-1 0.00
-1 0.00
341 1101.49
-1 0.00
219 -57.55
-1 0.00
122 355.55
89 1297.64
-1 0.00
351 1571.93
-1 0.00
-1 0.00
-1 0.00
-1 0.00
-1 0.00
57 1657.43
228 1403.65
137 1434.32
438 912.28
408 934.74
459 1863.95
38 1002.35
219 864.28
412 1279.28
177 1144.04
164 1066.13
-1 0.00
-1 0.00
-1 0.00
-1 0.00
-1 0.00
-1 0.00
-1 0.00
118 1619.17
-1 0.00
-1 0.00
271 1041.83
-1 0.00
173 -12.75
-1 0.00
-1 0.00
540 949.54
-1 0.00
483 1005.42
-1 0.00
508 1513.55
-1 0.00
-1 0.00
423 1198.28
544 1877.46
-1 0.00
-1 0.00
-1 0.00
11 596.05
62 657.30
-1 0.00
121 1707.36
-1 0.00
-1 0.00
-1 0.00
309 654.16
-1 0.00
-1 0.00
-1 0.00
463 976.24
-1 0.00
-1 0.00
-1 0.00
580 1375.50
-1 0.00
574 791.31
131 9.33
-1 0.00
-1 0.00
200 1799.81
197 1449.59
14 1316.68
-1 0.00
327 1084.66
-1 0.00
-1 0.00
-1 0.00
-1 0.00
-1 0.00
-1 0.00
-1 0.00
46 117.56
19 988.87
-1 0.00
-1 0.00
-1 0.00
10 -56.64
-1 0.00
-1 0.00
7 1113.01
373 1673.21
420 365.99
105 1479.39
141 1076.67
229 31.27
-1 0.00
-1 0.00
-1 0.00
-1 0.00
-1 0.00
-1 0.00
597 460.81
-1 0.00
-1 0.00
-1 0.00
-1 0.00
-1 0.00
-1 0.00
586 1332.22
41 -19.58
-1 0.00
99 481.90
-1 0.00
-1 0.00
382 808.19
-1 0.00
-1 0.00
195 100.04
570 772.73
-1 0.00
-1 0.00
461 1401.42
485 139.93
222 715.67
-1 0.00
362 547.54
-1 0.00
545 202.02
-1 0.00
-1 0.00
-1 0.00
43 1828.68
-1 0.00
473 1419.08
-1 0.00
-1 0.00
-1 0.00
-1 0.00
249 1753.03
134 1136.48
-1 0.00
-1 0.00
547 823.68
501 300.46
-1 0.00
450 789.90
434 973.63
54 868.92
-1 0.00
153 59.96
189 411.57
437 244.60
-1 0.00
61 183.04
-1 0.00
51 587.48
-1 0.00
-1 0.00
-1 0.00
500 1630.43
3 824.28
501 -73.19
139 281.59
336 741.34
93 942.15
505 1476.29
565 902.85
144 1683.35
101 772.38
150 522.89
389 1842.92
144 451.44
191 1536.82
-1 0.00
370 458.26
-1 0.00
43 823.60
424 587.61
310 951.90
597 -16.33
235 1226.90
-1 0.00
-1 0.00
15 651.68
159 1183.12
-1 0.00
-1 0.00
-1 0.00
-1 0.00
-1 0.00
-1 0.00
-1 0.00
-1 0.00
547 1242.90
371 1910.51
-1 0.00
194 228.57
513 1538.86
-1 0.00
513 1120.90
-1 0.00
411 509.69
75 -16.45
21 1174.33
89 903.38
-1 0.00
-1 0.00
-1 0.00
-1 0.00
7 1642.60
438 992.05
18 405.18
184 288.73
-1 0.00
438 -37.11
8 1624.78
515 1264.71
301 1254.59
-1 0.00
-1 0.00
589 250.74
158 1256.81
559 1422.70
218 938.39
164 846.22
-1 0.00
248 1884.31
-1 0.00
-1 0.00
-1 0.00
-1 0.00
258 1471.15
558 805.74
548 549.51
422 25.37
-1 0.00
-1 0.00
-1 0.00
-1 0.00
482 1795.16
-1 0.00
-1 0.00
340 537.96
-1 0.00
-1 0.00
-1 0.00
-1 0.00
571 1318.62
-1 0.00
178 846.85
-1 0.00
-1 0.00
-1 0.00
408 1917.59
545 1854.99
528 559.50
-1 0.00
-1 0.00
-1 0.00
364 1320.49
-1 0.00
6 1119.34
376 1509.55
-1 0.00
569 209.93
-1 0.00
83 368.22
-1 0.00
231 1850.93
-1 0.00
-1 0.00
487 1422.53
475 1198.14
180 1303.77
-1 0.00
489 249.19
-1 0.00
-1 0.00
-1 0.00
147 1522.35
292 971.53
374 583.28
92 987.10
-1 0.00
37 1889.63
491 1558.58
-1 0.00
-1 0.00
262 1616.33
590 50.73
-1 0.00
6 1412.50
-1 0.00
286 310.06
240 549.49
-1 0.00
27 787.63
397 1559.81
361 1310.36
571 255.18
343 1145.32
-1 0.00
322 502.70
-1 0.00
-1 0.00
235 1440.40
273 993.98
-1 0.00
348 1589.50
-1 0.00
315 780.59
-1 0.00
525 1370.82
433 212.04
-1 0.00
99 1374.86
-1 0.00
-1 0.00
63 712.62
42 1318.48
525 182.72
-1 0.00
-1 0.00
22 1294.57
148 1831.71
-1 0.00
419 1307.01
254 19.33
160 1487.28
-1 0.00
121 1390.84
-1 0.00
-1 0.00
-1 0.00
577 1908.98
253 171.71
360 1445.06
-1 0.00
-1 0.00
-1 0.00
340 820.00
-1 0.00
454 1470.81
-1 0.00
-1 0.00
427 200.67
224 1687.87
333 841.22
76 768.50
591 -57.46
-1 0.00
214 1598.57
-1 0.00
482 1466.03
-1 0.00
183 1821.81
216 712.96
5 1307.22
-1 0.00
298 820.32
-1 0.00
107 1824.15
309 1725.95
163 1042.97
377 721.54
110 1345.87
-1 0.00
-1 0.00
67 1055.63
-1 0.00
-1 0.00
86 610.86
131 1279.90
115 434.76
-1 0.00
-1 0.00
-1 0.00
529 1308.39
91 431.36
-1 0.00
-1 0.00
138 729.28
-1 0.00
511 1099.55
-1 0.00
216 665.70
54 520.08
-1 0.00
551 106.57
28 811.26
272 1186.51
111 1325.28
399 338.88
-1 0.00
178 258.90
-1 0.00
353 89.31
178 1520.99
167 1729.52
42 1847.35
-1 0.00
-1 0.00
-1 0.00
577 478.05
-1 0.00
-1 0.00
-1 0.00
-1 0.00
-1 0.00
479 1141.97
473 427.74
201 1143.25
284 404.12
583 1574.21
335 1344.39
-1 0.00
360 1869.85
555 837.61
-1 0.00
-1 0.00
317 1538.52
-1 0.00
-1 0.00
-1 0.00
418 571.54
16 785.06
565 1167.90
92 1151.72
138 108.59
-1 0.00
81 1689.87
-1 0.00
-1 0.00
571 1173.52
512 850.69
162 1050.83
513 1813.00
-1 0.00
-1 0.00
565 1234.89
-1 0.00
-1 0.00
-1 0.00
280 981.41
-1 0.00
-1 0.00
437 1081.70
-1 0.00
-1 0.00
-1 0.00
215 964.65
-1 0.00
-1 0.00
-1 0.00
40 189.69
553 1246.21
391 292.89
32 1266.73
-1 0.00
149 1662.95
114 588.33
-1 0.00
156 571.55
269 1801.56
-1 0.00
224 1152.86
359 1776.77
-1 0.00
382 1647.61
-1 0.00
251 761.00
-1 0.00
365 1140.42
-1 0.00
520 482.89
-1 0.00
39 335.51
-1 0.00
420 551.33
505 1539.56
76 1456.66
168 389.12
-1 0.00
103 1488.68
3 751.74
119 -27.84
378 1374.87
-1 0.00
558 1170.62
534 1587.97
-1 0.00
-1 0.00
354 1637.26
-1 0.00
-1 0.00
86 1779.48
231 560.29
299 1441.60
-1 0.00
-1 0.00
481 36.41
-1 0.00
-1 0.00
-1 0.00
-1 0.00
590 261.40
-1 0.00
339 1245.57
232 1727.10
-1 0.00
91 416.13
439 1302.70
268 -1.71
181 507.43
500 350.24
-1 0.00
-1 0.00
-1 0.00
433 1719.69
-1 0.00
31 904.33
188 1592.79
-1 0.00
300 1143.51
465 1437.42
-1 0.00
-1 0.00
150 1119.15
-1 0.00
412 676.34
588 47.22
174 1316.43
143 873.54
-1 0.00
-1 0.00
460 1440.63
-1 0.00
313 772.69
5 1347.33
135 468.19
36 830.87
470 944.50
203 1488.37
-1 0.00
211 1772.05
-1 0.00
-1 0.00
158 1618.29
17 1138.92
123 956.05
180 1173.61
-1 0.00
-1 0.00
301 1560.45
-1 0.00
100 675.51
387 423.53
-1 0.00
-1 0.00
-1 0.00
-1 0.00
-1 0.00
93 574.17
-1 0.00
21 904.80
-1 0.00
-1 0.00
-1 0.00
438 249.33
-1 0.00
513 1259.31
510 171.65
-1 0.00
-1 0.00
346 1049.95
-1 0.00
96 1405.69
402 176.76
-1 0.00
341 509.25
573 50.91
328 955.66
-1 0.00
-1 0.00
-1 0.00
-1 0.00
-1 0.00
14 571.86
371 487.94
-1 0.00
342 713.42
438 1362.63
-1 0.00
-1 0.00
203 185.13
529 702.57
-1 0.00
147 1266.83
-1 0.00
96 95.40
373 1792.26
-1 0.00
-1 0.00
557 1829.52
73 1854.46
312 678.83
62 478.25
-1 0.00
-1 0.00
575 1273.44
-1 0.00
-1 0.00
95 1340.13
320 408.60
-1 0.00
-1 0.00
-1 0.00
-1 0.00
591 1559.53
496 335.98
142 1069.37
-1 0.00
-1 0.00
-1 0.00
-1 0.00
484 1068.00
-1 0.00
297 684.40
364 977.35
-1 0.00
207 1221.64
452 1563.49
531 83.39
-1 0.00
387 803.02
280 1115.91
8 1604.84
162 -30.81
254 125.28
295 1518.19
182 331.23
-1 0.00
40 1166.43
-1 0.00
-1 0.00
-1 0.00
-1 0.00
-1 0.00
-1 0.00
-1 0.00
-1 0.00
-1 0.00
499 866.95
-1 0.00
380 481.42
-1 0.00
-1 0.00
73 -30.22
367 1567.97
-1 0.00
273 325.16
-1 0.00
-1 0.00
78 539.00
598 1549.32
236 1479.51
299 1020.49
-1 0.00
107 1843.34
526 1687.84
-1 0.00
164 556.33
161 723.81
-1 0.00
298 241.00
209 1303.29
114 878.79
-1 0.00
-1 0.00
-1 0.00
376 147.65
-1 0.00
-1 0.00
-1 0.00
-1 0.00
-1 0.00
170 1917.52
167 1735.15
34 364.28
-1 0.00
214 770.26
-1 0.00
-1 0.00
-1 0.00
364 871.00
-1 0.00
417 227.75
-1 0.00
-1 0.00
-1 0.00
-1 0.00
-1 0.00
-1 0.00
195 1214.99
-1 0.00
-1 0.00
-1 0.00
263 763.03
-1 0.00
-1 0.00
-1 0.00
-1 0.00
211 108.34
197 878.15
-1 0.00
-1 0.00
-1 0.00
-1 0.00
452 1117.16
544 1550.37
262 1526.02
561 560.88
221 1559.41
325 786.28
509 751.62
-1 0.00
-1 0.00
-1 0.00
67 1898.11
-1 0.00
288 1182.34
-1 0.00
-1 0.00
-1 0.00
434 1173.39
-1 0.00
-1 0.00
14 248.54
-1 0.00
-1 0.00
324 907.38
552 1078.73
466 1811.68
414 516.83
578 665.35
-1 0.00
-1 0.00
147 1061.07
-1 0.00
341 804.11
188 -9.43
-1 0.00
240 52.81
-1 0.00
-1 0.00
372 454.18
-1 0.00
-1 0.00
165 655.67
201 1580.67
-1 0.00
234 1774.90
133 79.49
524 736.90
-1 0.00
230 1843.49
223 1741.40
-1 0.00
456 423.39
-1 0.00
137 1836.53
-1 0.00
-1 0.00
-1 0.00
5 232.87
141 707.21
-1 0.00
206 591.27
-1 0.00
-1 0.00
171 392.27
-1 0.00
-1 0.00
422 1856.60
417 1042.67
183 762.92
436 1345.53
209 138.62
-1 0.00
599 796.60
-1 0.00
-1 0.00
574 815.03
455 1466.73
82 358.23
597 1750.44
-1 0.00
-1 0.00
-1 0.00
56 317.47
-1 0.00
-1 0.00
-1 0.00
282 237.42
2 836.38
214 549.58
23 1334.84
262 210.90
-1 0.00
324 1646.03
-1 0.00
-1 0.00
-1 0.00
-1 0.00
-1 0.00
-1 0.00
-1 0.00
360 1673.58
295 1711.17
-1 0.00
-1 0.00
-1 0.00
-1 0.00
-1 0.00
-1 0.00
338 1108.65
-1 0.00
221 1614.09
1 938.32
-1 0.00
-1 0.00
59 583.56
411 -16.32
570 1781.28
447 773.74
-1 0.00
411 569.01
190 1238.67
-1 0.00
-1 0.00
-1 0.00
-1 0.00
106 640.00
-1 0.00
233 343.48
418 418.07
298 725.69
-1 0.00
-1 0.00
419 1694.70
393 1132.80
-1 0.00
-1 0.00
508 677.43
-1 0.00
-1 0.00
86 587.88
-1 0.00
-1 0.00
-1 0.00
-1 0.00
126 739.83
295 401.42
-1 0.00
64 375.20
-1 0.00
-1 0.00
-1 0.00
-1 0.00
-1 0.00
-1 0.00
-1 0.00
-1 0.00
509 500.94
-1 0.00
-1 0.00
-1 0.00
-1 0.00
385 1885.22
526 281.57
403 264.92
-1 0.00
-1 0.00
-1 0.00
-1 0.00
-1 0.00
52 1125.12
-1 0.00
255 604.48
-1 0.00
-1 0.00
-1 0.00
289 185.76
398 1572.20
95 790.05
-1 0.00
-1 0.00
-1 0.00
270 1272.36
418 738.84
500 1847.24
-1 0.00
-1 0.00
-1 0.00
-1 0.00
-1 0.00
-1 0.00
-1 0.00
-1 0.00
442 1597.21
170 1384.10
-1 0.00
-1 0.00
-1 0.00
148 179.16
182 84.39
-1 0.00
7 573.75
312 1066.74
-1 0.00
578 305.66
-1 0.00
162 511.34
537 421.27
-1 0.00
98 753.16
